
pal <- c(
  "#62BB46",
  "#1D9EC3",
  "#14826D",
  "#BCD3EF",
  "#2A6FA2",
  "#004676",
  "#745ECF",
  "#C0E4B5",
  "#53565A",
  "#1F1547"
)
